% -------------------------------------------------------------------
%  Generated by MATLAB on 31-Jan-2017 12:25:45
%  MATLAB version: 9.1.0.441655 (R2016b)
% -------------------------------------------------------------------
%t is a variable X1 containing all ele                                        

t = [0; 1.516992626226974E-5; 3.033985252453948E-5; 4.5509778786809219E-5; ...
     9.8319997736206674E-5; 0.00015113021668560411; 0.00020394043563500154; ...
     0.000256750654584399; 0.00037683844209784618; 0.00049692622961129338; ...
     0.00061701401712474058; 0.00073710180463818777; 0.0010769903413591065; ...
     0.0014168788780800252; 0.001756767414800944; 0.0020966559515218628; ...
     0.0024365444882427814; 0.0031142734776794089; 0.0037920024671160364; ...
     0.004469731456552664; 0.0051474604459892919; 0.00582518943542592; ...
     0.0071699543939125355; 0.00851471935239915; 0.009859484310885765; ...
     0.01120424926937238; 0.012549014227858995; 0.015263599883302479; 0.017978185538745962; ...
     0.020692771194189444; 0.023407356849632927; 0.02612194250507641; 0.031538189321163611; ...
     0.036954436137250815; 0.042370682953338012; 0.04778692976942521; 0.053203176585512407; ...
     0.065473881028129219; 0.07774458547074603; 0.090015289913362842; 0.10228599435597965; ...
     0.11455669879859647; 0.14026197495222523; 0.16596725110585397; 0.19167252725948272; ...
     0.21737780341311147; 0.24308307956674022; 0.29341815191989706; 0.34375322427305394; ...
     0.39408829662621081; 0.44442336897936768; 0.49475844133252456; 0.58967331447792537; ...
     0.68458818762332618; 0.779503060768727; 0.87441793391412781; 1.0257760909626974; ...
     1.177134248011267; 1.3284924050598366; 1.4798505621084062; 1.7566994421168625; ...
     2.033548322125319; 2.3103972021337755; 2.5872460821422321; 2.8640949621506886; ...
     3.4622853950085366; 4.0604758278663846; 4.6586662607242326; 5.2568566935820806; ...
     5.8550471264399286; 7.0697461434471505; 8.2844451604543732; 9.1990531379217515; ...
     9.4734355311619645; 9.7478179244021774; 9.8301326423742417; 9.9124473603463059; ...
     9.9763370623537764; 10.011898811307708; 10.033454737633564; 10.048024495165734; ...
     10.05909447159538; 10.070164448025025; 10.081234424454671; 10.088858534254056; ...
     10.093514361362368; 10.09817018847068; 10.102826015578993; 10.107481842687305; ...
     10.1134727401962; 10.119463637705094; 10.125454535213988; 10.131445432722883; ...
     10.137436330231777; 10.148103995543135; 10.158771660854493; 10.16943932616585; ...
     10.180106991477208; 10.190774656788566; 10.25834608692764; 10.325917517066713; ...
     10.393488947205787; 10.413760376247509; 10.434031805289232; 10.454303234330954; ...
     10.467329564668876; 10.477377680626029; 10.487425796583182; 10.495252574395977; ...
     10.50156097729611; 10.507869380196244; 10.514177783096377; 10.520486185996511; ...
     10.526794588896644; 10.533746109885595; 10.540697630874545; 10.547649151863496; ...
     10.554600672852446; 10.561552193841397; 10.576199487089347; 10.590846780337298; ...
     10.605494073585248; 10.620141366833199; 10.634788660081149; 10.710492359253918; ...
     10.786196058426686; 10.861899757599454; 10.937603456772223; 11.694640448499909; ...
     12];

